# 数学教学动画关键帧数据
# 格式: time x1 y1 x2 y2 x3 y3 angle radius
0.000000 0.000000 0.000000 100.000000 0.000000 0.000000 100.000000 29.300000 50.000000
0.033333 0.000000 0.000000 100.000000 0.000000 0.000000 100.000000 29.303333 50.000000
0.066667 0.000000 0.000000 100.000000 0.000000 0.000000 100.000000 29.310000 50.000000
0.100000 0.000000 0.000000 100.000000 0.000000 0.000000 100.000000 29.320000 50.000000
0.133333 0.000000 0.000000 100.000000 0.000000 0.000000 100.000000 29.333333 50.000000
0.166667 0.000000 0.000000 100.000000 0.000000 0.000000 100.000000 29.350000 50.000000
0.200000 0.000000 0.000000 100.000000 0.000000 0.000000 100.000000 29.370000 50.000000
0.233333 0.000000 0.000000 100.000000 0.000000 0.000000 100.000000 29.393333 50.000000
0.266667 0.000000 0.000000 100.000000 0.000000 0.000000 100.000000 29.420000 50.000000
0.300000 0.000000 0.000000 100.000000 0.000000 0.000000 100.000000 29.450000 50.000000
0.333333 0.000000 0.000000 100.000000 0.000000 0.000000 100.000000 29.483333 50.000000
0.366667 0.000000 0.000000 100.000000 0.000000 0.000000 100.000000 29.520000 50.000000
0.400000 0.000000 0.000000 100.000000 0.000000 0.000000 100.000000 29.560000 50.000000
0.433333 0.000000 0.000000 100.000000 0.000000 0.000000 100.000000 29.603333 50.000000
0.466667 0.000000 0.000000 100.000000 0.000000 0.000000 100.000000 29.650000 50.000000
0.500000 0.000000 0.000000 100.000000 0.000000 0.000000 100.000000 29.700000 50.000000
0.533333 0.000000 0.000000 100.000000 0.000000 0.000000 100.000000 29.753333 50.000000
0.566667 0.000000 0.000000 100.000000 0.000000 0.000000 100.000000 29.810000 50.000000
0.600000 0.000000 0.000000 100.000000 0.000000 0.000000 100.000000 29.870000 50.000000
0.633333 0.000000 0.000000 100.000000 0.000000 0.000000 100.000000 29.933333 50.000000
0.666667 0.000000 0.000000 100.000000 0.000000 0.000000 100.000000 30.000000 50.000000
0.700000 0.000000 0.000000 100.000000 0.000000 0.000000 100.000000 30.070000 50.000000
0.733333 0.000000 0.000000 100.000000 0.000000 0.000000 100.000000 30.143333 50.000000
0.766667 0.000000 0.000000 100.000000 0.000000 0.000000 100.000000 30.220000 50.000000
0.800000 0.000000 0.000000 100.000000 0.000000 0.000000 100.000000 30.300000 50.000000
0.833333 0.000000 0.000000 100.000000 0.000000 0.000000 100.000000 30.383333 50.000000
0.866667 0.000000 0.000000 100.000000 0.000000 0.000000 100.000000 30.470000 50.000000
0.900000 0.000000 0.000000 100.000000 0.000000 0.000000 100.000000 30.560000 50.000000
0.933333 0.000000 0.000000 100.000000 0.000000 0.000000 100.000000 30.653333 50.000000
0.966667 0.000000 0.000000 100.000000 0.000000 0.000000 100.000000 30.750000 50.000000
1.000000 0.000000 0.000000 100.000000 0.000000 0.000000 100.000000 30.850000 50.000000
1.033333 0.000000 0.000000 100.000000 0.000000 0.000000 100.000000 30.953333 50.000000
1.066667 0.000000 0.000000 100.000000 0.000000 0.000000 100.000000 31.060000 50.000000
1.100000 0.000000 0.000000 100.000000 0.000000 0.000000 100.000000 31.170000 50.000000
1.133333 0.000000 0.000000 100.000000 0.000000 0.000000 100.000000 31.283333 50.000000
1.166667 0.000000 0.000000 100.000000 0.000000 0.000000 100.000000 31.400000 50.000000
1.200000 0.000000 0.000000 100.000000 0.000000 0.000000 100.000000 31.520000 50.000000
1.233333 0.000000 0.000000 100.000000 0.000000 0.000000 100.000000 31.643333 50.000000
1.266667 0.000000 0.000000 100.000000 0.000000 0.000000 100.000000 31.770000 50.000000
1.300000 0.000000 0.000000 100.000000 0.000000 0.000000 100.000000 31.900000 50.000000
1.333333 0.000000 0.000000 100.000000 0.000000 0.000000 100.000000 32.033333 50.000000
1.366667 0.000000 0.000000 100.000000 0.000000 0.000000 100.000000 32.170000 50.000000
1.400000 0.000000 0.000000 100.000000 0.000000 0.000000 100.000000 32.310000 50.000000
1.433333 0.000000 0.000000 100.000000 0.000000 0.000000 100.000000 32.453333 50.000000
1.466667 0.000000 0.000000 100.000000 0.000000 0.000000 100.000000 32.600000 50.000000
1.500000 0.000000 0.000000 100.000000 0.000000 0.000000 100.000000 32.750000 50.000000
1.533333 0.000000 0.000000 100.000000 0.000000 0.000000 100.000000 32.903333 50.000000
1.566667 0.000000 0.000000 100.000000 0.000000 0.000000 100.000000 33.060000 50.000000
1.600000 0.000000 0.000000 100.000000 0.000000 0.000000 100.000000 33.220000 50.000000
1.633333 0.000000 0.000000 100.000000 0.000000 0.000000 100.000000 33.383333 50.000000
1.666667 0.000000 0.000000 100.000000 0.000000 0.000000 100.000000 33.550000 50.000000
1.700000 0.000000 0.000000 100.000000 0.000000 0.000000 100.000000 33.720000 50.000000
1.733333 0.000000 0.000000 100.000000 0.000000 0.000000 100.000000 33.893333 50.000000
1.766667 0.000000 0.000000 100.000000 0.000000 0.000000 100.000000 34.070000 50.000000
1.800000 0.000000 0.000000 100.000000 0.000000 0.000000 100.000000 34.250000 50.000000
1.833333 0.000000 0.000000 100.000000 0.000000 0.000000 100.000000 34.433333 50.000000
1.866667 0.000000 0.000000 100.000000 0.000000 0.000000 100.000000 34.620000 50.000000
1.900000 0.000000 0.000000 100.000000 0.000000 0.000000 100.000000 34.810000 50.000000
1.933333 0.000000 0.000000 100.000000 0.000000 0.000000 100.000000 35.003333 50.000000
1.966667 0.000000 0.000000 100.000000 0.000000 0.000000 100.000000 35.200000 50.000000
2.000000 0.000000 0.000000 100.000000 0.000000 0.000000 100.000000 35.400000 50.000000
2.033333 0.000000 0.000000 100.000000 0.000000 0.000000 100.000000 35.603333 50.000000
2.066667 0.000000 0.000000 100.000000 0.000000 0.000000 100.000000 35.810000 50.000000
2.100000 0.000000 0.000000 100.000000 0.000000 0.000000 100.000000 36.020000 50.000000
2.133333 0.000000 0.000000 100.000000 0.000000 0.000000 100.000000 36.233333 50.000000
2.166667 0.000000 0.000000 100.000000 0.000000 0.000000 100.000000 36.450000 50.000000
2.200000 0.000000 0.000000 100.000000 0.000000 0.000000 100.000000 36.670000 50.000000
2.233333 0.000000 0.000000 100.000000 0.000000 0.000000 100.000000 36.893333 50.000000
2.266667 0.000000 0.000000 100.000000 0.000000 0.000000 100.000000 37.120000 50.000000
2.300000 0.000000 0.000000 100.000000 0.000000 0.000000 100.000000 37.350000 50.000000
2.333333 0.000000 0.000000 100.000000 0.000000 0.000000 100.000000 37.583333 50.000000
2.366667 0.000000 0.000000 100.000000 0.000000 0.000000 100.000000 37.820000 50.000000
2.400000 0.000000 0.000000 100.000000 0.000000 0.000000 100.000000 38.060000 50.000000
2.433333 0.000000 0.000000 100.000000 0.000000 0.000000 100.000000 38.303333 50.000000
2.466667 0.000000 0.000000 100.000000 0.000000 0.000000 100.000000 38.550000 50.000000
2.500000 0.000000 0.000000 100.000000 0.000000 0.000000 100.000000 38.800000 50.000000
2.533333 0.000000 0.000000 100.000000 0.000000 0.000000 100.000000 39.053333 50.000000
2.566667 0.000000 0.000000 100.000000 0.000000 0.000000 100.000000 39.310000 50.000000
2.600000 0.000000 0.000000 100.000000 0.000000 0.000000 100.000000 39.570000 50.000000
2.633333 0.000000 0.000000 100.000000 0.000000 0.000000 100.000000 39.833333 50.000000
2.666667 0.000000 0.000000 100.000000 0.000000 0.000000 100.000000 40.100000 50.000000
2.700000 0.000000 0.000000 100.000000 0.000000 0.000000 100.000000 40.370000 50.000000
2.733333 0.000000 0.000000 100.000000 0.000000 0.000000 100.000000 40.643333 50.000000
2.766667 0.000000 0.000000 100.000000 0.000000 0.000000 100.000000 40.920000 50.000000
2.800000 0.000000 0.000000 100.000000 0.000000 0.000000 100.000000 41.200000 50.000000
2.833333 0.000000 0.000000 100.000000 0.000000 0.000000 100.000000 41.483333 50.000000
2.866667 0.000000 0.000000 100.000000 0.000000 0.000000 100.000000 41.770000 50.000000
2.900000 0.000000 0.000000 100.000000 0.000000 0.000000 100.000000 42.060000 50.000000
2.933333 0.000000 0.000000 100.000000 0.000000 0.000000 100.000000 42.353333 50.000000
2.966667 0.000000 0.000000 100.000000 0.000000 0.000000 100.000000 42.650000 50.000000
3.000000 0.000000 0.000000 100.000000 0.000000 0.000000 100.000000 42.950000 50.000000
