# 智能几何图动画关键帧数据
# 生成时间: Sun Dec  7 10:37:14 2025
# 数据格式: time center_x center_y point_x point_y radius
# center: 圆心坐标
# point: 动点坐标
# radius: 圆半径

# 关键帧数据格式: time node1_x node1_y node2_x node2_y ...
0.000000 0.000000 0.000000 50.000000 -0.000000 0.000000 0.000000 50.000000
0.033000 0.000000 0.000000 49.931477 -2.616798 0.000000 0.000000 50.000000
0.066000 0.000000 0.000000 49.726095 -5.226423 0.000000 0.000000 50.000000
0.099000 0.000000 0.000000 49.384417 -7.821723 0.000000 0.000000 50.000000
0.132000 0.000000 0.000000 48.907380 -10.395585 0.000000 0.000000 50.000000
0.165000 0.000000 0.000000 48.296291 -12.940952 0.000000 0.000000 50.000000
0.198000 0.000000 0.000000 47.552826 -15.450850 0.000000 0.000000 50.000000
0.231000 0.000000 0.000000 46.679021 -17.918397 0.000000 0.000000 50.000000
0.264000 0.000000 0.000000 45.677273 -20.336832 0.000000 0.000000 50.000000
0.297000 0.000000 0.000000 44.550326 -22.699525 0.000000 0.000000 50.000000
0.330000 0.000000 0.000000 50.000000 0.000000 0.000000 0.000000 50.000000
0.363000 0.000000 0.000000 50.000000 0.000000 0.000000 0.000000 50.000000
0.396000 0.000000 0.000000 50.000000 0.000000 0.000000 0.000000 50.000000
0.429000 0.000000 0.000000 50.000000 0.000000 0.000000 0.000000 50.000000
0.462000 0.000000 0.000000 50.000000 0.000000 0.000000 0.000000 50.000000
0.495000 0.000000 0.000000 50.000000 0.000000 0.000000 0.000000 50.000000
0.528000 0.000000 0.000000 50.000000 0.000000 0.000000 0.000000 50.000000
0.561000 0.000000 0.000000 50.000000 0.000000 0.000000 0.000000 50.000000
0.594000 0.000000 0.000000 50.000000 0.000000 0.000000 0.000000 50.000000
0.627000 0.000000 0.000000 50.000000 0.000000 0.000000 0.000000 50.000000
0.660000 0.000000 0.000000 50.000000 0.000000 0.000000 0.000000 50.000000
0.693000 0.000000 0.000000 50.000000 0.000000 0.000000 0.000000 50.000000
0.726000 0.000000 0.000000 50.000000 0.000000 0.000000 0.000000 50.000000
0.759000 0.000000 0.000000 50.000000 0.000000 0.000000 0.000000 50.000000
0.792000 0.000000 0.000000 50.000000 0.000000 0.000000 0.000000 50.000000
0.825000 0.000000 0.000000 50.000000 0.000000 0.000000 0.000000 50.000000
0.858000 0.000000 0.000000 50.000000 0.000000 0.000000 0.000000 50.000000
0.891000 0.000000 0.000000 50.000000 0.000000 0.000000 0.000000 50.000000
0.924000 0.000000 0.000000 50.000000 0.000000 0.000000 0.000000 50.000000
0.957000 0.000000 0.000000 50.000000 0.000000 0.000000 0.000000 50.000000
0.990000 0.000000 0.000000 50.000000 0.000000 0.000000 0.000000 50.000000
1.023000 0.000000 0.000000 50.000000 0.000000 0.000000 0.000000 50.000000
1.056000 0.000000 0.000000 50.000000 0.000000 0.000000 0.000000 50.000000
1.089000 0.000000 0.000000 50.000000 0.000000 0.000000 0.000000 50.000000
1.122000 0.000000 0.000000 50.000000 0.000000 0.000000 0.000000 50.000000
1.155000 0.000000 0.000000 50.000000 0.000000 0.000000 0.000000 50.000000
1.188000 0.000000 0.000000 50.000000 0.000000 0.000000 0.000000 50.000000
1.221000 0.000000 0.000000 50.000000 0.000000 0.000000 0.000000 50.000000
1.254000 0.000000 0.000000 50.000000 0.000000 0.000000 0.000000 50.000000
1.287000 0.000000 0.000000 50.000000 0.000000 0.000000 0.000000 50.000000
1.320000 0.000000 0.000000 50.000000 0.000000 0.000000 0.000000 50.000000
1.353000 0.000000 0.000000 50.000000 0.000000 0.000000 0.000000 50.000000
1.386000 0.000000 0.000000 50.000000 0.000000 0.000000 0.000000 50.000000
1.419000 0.000000 0.000000 50.000000 0.000000 0.000000 0.000000 50.000000
1.452000 0.000000 0.000000 50.000000 0.000000 0.000000 0.000000 50.000000
1.485000 0.000000 0.000000 50.000000 0.000000 0.000000 0.000000 50.000000
1.518000 0.000000 0.000000 50.000000 0.000000 0.000000 0.000000 50.000000
1.551000 0.000000 0.000000 50.000000 0.000000 0.000000 0.000000 50.000000
1.584000 0.000000 0.000000 50.000000 0.000000 0.000000 0.000000 50.000000
1.617000 0.000000 0.000000 50.000000 0.000000 0.000000 0.000000 50.000000
1.650000 0.000000 0.000000 50.000000 0.000000 0.000000 0.000000 50.000000
1.683000 0.000000 0.000000 50.000000 0.000000 0.000000 0.000000 50.000000
1.716000 0.000000 0.000000 50.000000 0.000000 0.000000 0.000000 50.000000
1.749000 0.000000 0.000000 50.000000 0.000000 0.000000 0.000000 50.000000
1.782000 0.000000 0.000000 50.000000 0.000000 0.000000 0.000000 50.000000
1.815000 0.000000 0.000000 50.000000 0.000000 0.000000 0.000000 50.000000
1.848000 0.000000 0.000000 50.000000 0.000000 0.000000 0.000000 50.000000
1.881000 0.000000 0.000000 50.000000 0.000000 0.000000 0.000000 50.000000
1.914000 0.000000 0.000000 50.000000 0.000000 0.000000 0.000000 50.000000
1.947000 0.000000 0.000000 50.000000 0.000000 0.000000 0.000000 50.000000
